SVA1_COADD-2939588568 56800.000000 57100.000000 -54.944662 -50.743955 -0.120311 56969.157725
SVA1_COADD-2939588568 57200.000000 57400.000000 -71.139379 -63.880649 -65.234452 57309.706092
SVA1_COADD-2939588568 56400.000000 57100.000000 -49.458651 -47.352642 -48.260285 56874.463625
SVA1_COADD-2939561305 56500.000000 57100.000000 -54.218368 -44.928469 -45.527359 56790.577410
SVA1_COADD-2939561305 57100.000000 57400.000000 -76.231777 -62.618324 -63.450389 57309.706092
SVA1_COADD-2939561305 56400.000000 56800.000000 -63.820694 -46.243562 -46.436720 56597.115402
SVA1_COADD-2939561305 56800.000000 57200.000000 -51.777132 -48.389847 -48.726293 56969.157725
SVA1_COADD-2940663814 56400.000000 57100.000000 -59.264999 -59.264999 -62.941207 56762.835102
SVA1_COADD-2940663814 57100.000000 57500.000000 229.786818 229.786818 229.707908 57324.409782
SVA1_COADD-2940663814 56400.000000 56800.000000 -53.929227 -53.929227 -57.648199 56604.681851
SVA1_COADD-2940663814 56800.000000 57100.000000 -71.836607 -71.836607 -75.213389 56960.526666
SVA1_COADD-2940658750 56400.000000 56800.000000 -58.358413 -58.358413 -71.538605 56610.160718
SVA1_COADD-2940658750 56800.000000 57500.000000 -78.063408 -78.063408 -84.541119 57195.922633
SVA1_COADD-2940658750 56800.000000 57200.000000 -160.935356 -160.935356 1.190176 56969.581156
SVA1_COADD-2940658750 57200.000000 57500.000000 186.708660 186.708660 174.995453 57313.284880
SVA1_COADD-2940471989 56400.000000 56800.000000 -40.094772 -38.619927 -46.022866 56617.798938
SVA1_COADD-2940471989 56800.000000 57500.000000 23.938101 21.599590 -1.807485 57191.605717
SVA1_COADD-2940130869 56500.000000 56800.000000 -132.920327 -115.223810 -119.440856 56609.678544
SVA1_COADD-2940130869 56800.000000 57500.000000 -45.780453 -43.939259 -44.524969 57214.575348
SVA1_COADD-2940130869 56800.000000 57100.000000 19.408122 19.342286 -0.360412 56972.288316
SVA1_COADD-2940130869 57100.000000 57500.000000 -46.543349 -26.254482 -7.845978 57313.284880
SVA1_COADD-2939964248 56500.000000 56800.000000 -63.953077 -63.271604 -53.893489 56620.761145
SVA1_COADD-2939964248 56800.000000 57100.000000 -59.552258 -57.544809 -0.245200 56969.581156
SVA1_COADD-2939964248 57100.000000 57500.000000 1.934085 1.925669 -63.689917 57313.284880
SVA1_COADD-2940669226 56400.000000 56800.000000 -72.456161 -68.969172 -70.605907 56610.160718
SVA1_COADD-2940669226 56800.000000 57200.000000 -114.419567 -115.241646 -119.670303 56969.581156
SVA1_COADD-2940669226 57200.000000 57600.000000 234.705236 233.908808 233.688711 57317.235855
SVA1_COADD-2971249735 56400.000000 56800.000000 -78.920624 -72.172445 -88.045968 56605.621201
SVA1_COADD-2971249735 56800.000000 57200.000000 -104.755357 -96.016324 -114.114545 56954.810338
SVA1_COADD-2971249735 57200.000000 57400.000000 -56.484508 -53.897160 -0.248085 57286.947412
SVA1_COADD-2940367031 56400.000000 56800.000000 -65.597927 -58.996475 -0.436704 56612.873031
SVA1_COADD-2940367031 56800.000000 57000.000000 -54.270361 -66.869979 -69.339448 56962.886508
SVA1_COADD-2940367031 57000.000000 57400.000000 -37.749798 -55.291385 -55.082115 57313.818428
SVA1_COADD-2940367031 56400.000000 57000.000000 -55.779549 -60.676546 -66.858546 56831.631454
SVA1_COADD-2940351575 56400.000000 56800.000000 -65.016734 -50.289489 -48.538769 56612.873031
SVA1_COADD-2940351575 56800.000000 57400.000000 -65.912326 -59.745389 -69.525189 57173.445660
